848528
2823
4741250
4822853
375387
120268
4289604
4728799
4519988
4853536
4814893
2639070
4777147
6648
2476
10993
73507
4737033
4753741
4365582
4467633
4616718
126145
4599827
4781239
4574520
4442304
4426408
13320
518
4447639
4710737
7686
4592
4656827
4897343
381991
20958
26123
4783221
4645331
657598
4517512
337133
243191
4805055
4801135
225438
4800914
358827
4548611
12298
4542373
4870484
4328529
4826125
4776070
662676
4712605
4586502
6132
26972
4549062
4458531
3504
399138
4808343
539224
4926169
4773219
286618
4835911
150089
91225
434
4727134
4586828
4686734
4671433
391079
4622808
4768763
4577175
3476
4553980
4554371
4538668
4554637
230721
4337932
266012
4510006
433682
4509692
4752681
232922
4763788
4739915
4903873
4879098
4875975
4773382
11957
8358
12950
4865777
71441
4520501
4757970
4678872
597072
471371
4747457
21099
4590892
4750939
4916637
4530222
223929
4642536
506858
4863851
4916694
4544449
4704285
410604
604425
4646312
4447379
355915
4558024
4794924
62518
4669841
4859807
209352
576544
4596932
4926123
4352311
4680394
152128
4831866
4571057
566
4513355
4525356
4541351
4896731
4872396
4888888
4912868
4782205
4828199
4526089
4417880
694717
4768157
124989
6613
4918385
4687482
3209807
297587
4605399
4917278
4524564
4808463
4809592
4795245
4877168
4813599
12926
4627495
4630974
4847439
22046
4578337
4875205
4800069
4518149
4409784
4580696
315183
831534
4520138
4816612
4546891
4635843
4756
144632
4596645
276416
4767526
4519962
83821
4625306
23888
4662550
4670853
552324
2103
4698743
203867
4607199
4639201
4896910
18373
4925167
4901136
4845805
4756135
4375252
4922705
4818836
4549045
4545285
6387
4476469
4603056
4887094
4589382
4616409
4733009
4855173
4846583
2802
4558150
4747054
176033
4847663
4513830
4899597
4746095
4583496
4519333
57471
4921895
4676400
4816069
4931213
473855
4569548
4728375
10271
4773355
4914716
4770449
541
4542896
4697975
4820320
729828
4530334
4567084
4604970
4789392
4493186
4818095
4909512
831560
4584174
4886532
13904
4851563
134557
4698632
4637775
4777350
383008
14783
6883
4420527
237850
4455136
4423996
95812
4536234
4703394
364922
4732987
7206
211879
209790
4756467
4851650
4854330
4519330
4486542
4639249
4229874
4849426
4649852
4567329
4787826
4085584
410499
4837898
8471
4657833
4741657
4855519
4501405
4916744
4632793
163675
4801098
176379
4917529
4796358
739380
4906356
4044
41240
121833
433594
4625100
490355
4898850
4672931
84133
4793325
4930910
4867866
11848
4743563
4182276
9419
4850654
15163
4851180
4511227
419500
14455
4889952
4848323
4616127
4560748
4745030
4539940
4577599
4510299
27696
4525917
4841433
4689345
4499767
49904
4814122
43165